[[[ 75  66  66]
  [ 74  65  65]
  [ 74  65  65]
  ...
  [ 43  33  36]
  [ 46  34  36]
  [ 46  34  35]]

 [[ 72  63  63]
  [ 74  65  65]
  [ 72  65  64]
  ...
  [ 45  33  34]
  [ 46  34  35]
  [ 45  33  34]]

 [[ 70  65  64]
  [ 71  66  65]
  [ 70  64  60]
  ...
  [ 47  33  34]
  [ 48  36  37]
  [ 48  36  37]]

 ...

 [[124 120 107]
  [125 121 108]
  [127 121 108]
  ...
  [ 18  11  12]
  [ 15   8   8]
  [ 17  10  10]]

 [[115 121 107]
  [117 121 107]
  [120 120 107]
  ...
  [ 15   8   9]
  [ 15   8   9]
  [ 17  10  11]]

 [[116 120 106]
  [117 121 107]
  [118 121 107]
  ...
  [ 19  10  11]
  [ 17  10  11]
  [ 17  10  11]]]